5.000000000000000000e+00 1.223415607900516733e+01 1.449291010739246488e+00 4.902684646758861398e-01 1.326927991126839179e-01 1.275509672638416525e+01 1.904694570054699332e+00 4.428960206433910085e-01 1.711775602339586366e-01
1.000000000000000000e+01 1.034382414085937896e+01 1.184892499540621147e+00 6.364627363092099088e-01 8.994130073019949989e-02 1.134015360284335650e+01 1.702419408082624486e+00 5.598217518009771521e-01 1.368818343294868900e-01
1.500000000000000000e+01 8.861467379393630495e+00 1.045269518578784584e+00 7.351807433816150983e-01 5.565670376006885689e-02 1.009398749689044905e+01 1.299000900203509223e+00 6.548791884618394565e-01 8.504537241662316061e-02
2.000000000000000000e+01 7.910567212395663184e+00 9.153405297077799041e-01 7.885251039793702565e-01 4.702245828066396738e-02 9.488881108079947779e+00 1.222157118149221455e+00 6.949214094055136126e-01 7.366544655769471928e-02
2.500000000000000000e+01 7.565049974928908405e+00 7.267605955786216043e-01 8.067827938825326006e-01 3.707047326364646539e-02 8.960022414552812009e+00 1.081561631473096252e+00 7.286265694707293461e-01 6.089702858853904971e-02
3.000000000000000000e+01 7.364195656262872092e+00 6.946312354013541857e-01 8.170775270704534465e-01 3.374806646525208703e-02 8.540225368878614276e+00 9.530583843081652518e-01 7.538287522102646854e-01 4.919643411220291779e-02
3.500000000000000000e+01 7.193379613730218836e+00 6.420967392149066200e-01 8.253644435566485082e-01 3.196468894270992206e-02 8.193414129347361907e+00 8.806380006853955500e-01 7.733719645966623535e-01 4.379421752352161135e-02
4.000000000000000000e+01 6.986244000496685480e+00 5.973023552670411185e-01 8.352601614220840354e-01 2.972222501223300770e-02 7.887110472001154449e+00 8.339501765778732922e-01 7.898563443167957443e-01 4.158778660007791950e-02
4.500000000000000000e+01 6.884729793865842495e+00 5.694677925632625204e-01 8.401255333647182910e-01 2.754256210331364196e-02 7.648049869749574015e+00 8.321816412219333881e-01 8.025500501578819446e-01 3.931639263743205714e-02
5.000000000000000000e+01 6.802981019299966015e+00 5.363850886430684417e-01 8.440363768153246182e-01 2.466079440841392398e-02 7.469950777462229574e+00 7.607282331272374742e-01 8.116689769283005340e-01 3.587443938772377078e-02
5.500000000000000000e+01 6.715429680898797216e+00 5.091862494087650015e-01 8.479313790952177632e-01 2.457221046334681289e-02 7.336794878253661167e+00 7.362336097864964346e-01 8.184108723914950145e-01 3.399981673123014803e-02
6.000000000000000000e+01 6.654509135720882540e+00 4.992587384901855940e-01 8.505992120425596159e-01 2.467122377964715493e-02 7.200462824204647561e+00 7.563878466008946422e-01 8.252613874290568585e-01 3.276711170150062996e-02
6.500000000000000000e+01 6.595105404075448874e+00 4.873110598236642388e-01 8.532862197257812253e-01 2.391645654594158621e-02 7.087934426464824966e+00 7.173219224670984717e-01 8.307093127942295485e-01 3.069948271876299026e-02
7.000000000000000000e+01 6.539097290512092542e+00 4.774350059168235849e-01 8.558884559579235107e-01 2.223897062275026135e-02 6.992847304551784049e+00 6.641482060283454558e-01 8.352077286532284539e-01 2.881828956956337950e-02
7.500000000000000000e+01 6.493798113898699320e+00 4.649467885430286773e-01 8.578926269397532112e-01 2.174472240233778220e-02 6.903671473075112530e+00 6.436406954896718435e-01 8.393832504969322983e-01 2.801190465293271203e-02
8.000000000000000000e+01 6.445434432941778091e+00 4.643805066407274418e-01 8.599898942540789015e-01 2.183029477673695609e-02 6.800625089538317347e+00 6.472713871154569532e-01 8.441401730686064475e-01 2.765230007236601367e-02
8.500000000000000000e+01 6.413293065375778923e+00 4.499827900330438668e-01 8.613708830757212942e-01 2.140341911437129360e-02 6.703498912506091756e+00 5.826797819543310109e-01 8.486199612641811552e-01 2.521514213882084313e-02
9.000000000000000000e+01 6.373953025434018649e+00 4.380721060632728481e-01 8.630921035683749576e-01 2.073602994730620874e-02 6.631630942035721787e+00 5.479276106956393333e-01 8.517307200964485681e-01 2.480555234134615775e-02
9.500000000000000000e+01 6.334304869846161701e+00 4.324584072684487523e-01 8.647885186526523826e-01 2.057587548407678255e-02 6.569641127636071332e+00 5.406372287807323929e-01 8.544659508638402512e-01 2.447940867097738935e-02
1.000000000000000000e+02 6.304249758261402548e+00 4.245138895942962010e-01 8.660251162012942983e-01 2.070844918438537186e-02 6.509112334429666191e+00 5.163168113498973755e-01 8.572454153360626883e-01 2.277364648498289915e-02
