5.000000000000000000e+00 8.793943431081475026e+00 9.421312558337394671e-01 -1.163005249564311866e-01 2.400198429033802427e-01 8.669507971311839256e+00 1.436557353555026451e+00 -9.957584459863294546e-02 3.476199390640305475e-01
1.000000000000000000e+01 5.776918702746416834e+00 7.808948814272417271e-01 5.160583385507855336e-01 1.234008922961967042e-01 6.726500863190717716e+00 1.281132022842063956e+00 3.310553461120182006e-01 2.515708724155761300e-01
1.500000000000000000e+01 3.863618909503471865e+00 4.636279181123498794e-01 7.840920272555494952e-01 5.105769951530959860e-02 5.171759582765656837e+00 9.020969713041362414e-01 6.084815378558620091e-01 1.285170801846357291e-01
2.000000000000000000e+01 3.056891127891917748e+00 3.111263109355815182e-01 8.650756693329261227e-01 2.795025474920771399e-02 4.282961108182707477e+00 7.173874248238820694e-01 7.313312543118279940e-01 8.912700449016180970e-02
2.500000000000000000e+01 2.630660813104031881e+00 2.462559704963322993e-01 9.003237227756257788e-01 1.850196265381226848e-02 3.704418853120281518e+00 6.017920465483775905e-01 7.994429638124469495e-01 6.269330985137119838e-02
3.000000000000000000e+01 2.421094336417431769e+00 1.962036628989199671e-01 9.157072081243995409e-01 1.355712451163850613e-02 3.286219564231383838e+00 5.027243276267199246e-01 8.424953437454457683e-01 4.754557687100448293e-02
3.500000000000000000e+01 2.296475522766736610e+00 1.765260529076561613e-01 9.241549716411395776e-01 1.182943574334753035e-02 3.012559695598825638e+00 4.401619525065680327e-01 8.678436777274010083e-01 3.929467474507027103e-02
4.000000000000000000e+01 2.233984481375566045e+00 1.701397515051533971e-01 9.282444319686028456e-01 1.101914960963861975e-02 2.818951671851339658e+00 3.934064683816445029e-01 8.845828110471652961e-01 3.242265262472971560e-02
4.500000000000000000e+01 2.200069419665309667e+00 1.699230253192578755e-01 9.303472209565356588e-01 1.128192304984398930e-02 2.666573945445664950e+00 3.605675840382734365e-01 8.969199878512386093e-01 2.727352889109960210e-02
5.000000000000000000e+01 2.167774880969144391e+00 1.575550731197315479e-01 9.324400121566692734e-01 1.016475951668725092e-02 2.544967191222170744e+00 2.956657416601781718e-01 9.064790597170775399e-01 2.128077165241463661e-02
5.500000000000000000e+01 2.140740482326517924e+00 1.513325686935030889e-01 9.341065993679236179e-01 9.907826031768950104e-03 2.457396024629813880e+00 2.493815532149848690e-01 9.130047819352887783e-01 1.721008922617545123e-02
6.000000000000000000e+01 2.117542382564850278e+00 1.557248819460572697e-01 9.354915662798223286e-01 1.008443385012955038e-02 2.391066262868320358e+00 2.411164649515384895e-01 9.176523189229010002e-01 1.595822925293082992e-02
6.500000000000000000e+01 2.097295515264214760e+00 1.497272310226998859e-01 9.367362209850469412e-01 9.597295079989503347e-03 2.318963149987643746e+00 2.237296117582286414e-01 9.225235781674808733e-01 1.463480767813547453e-02
7.000000000000000000e+01 2.080390913710405520e+00 1.438403884187632042e-01 9.377572894373189527e-01 9.286008036506237379e-03 2.274560041290367707e+00 2.037982423256878839e-01 9.254765576343337852e-01 1.327806141796199040e-02
7.500000000000000000e+01 2.059822385506593800e+00 1.455920962926360029e-01 9.389845845353952392e-01 9.181175986572268077e-03 2.225301113926306584e+00 1.894937119045303764e-01 9.286759266181031647e-01 1.239796425400535584e-02
8.000000000000000000e+01 2.049648974644968202e+00 1.375469811010366916e-01 9.396022774198773408e-01 8.805764721123912966e-03 2.188256884265355140e+00 1.735601444996665021e-01 9.311021509018455600e-01 1.115091328895074542e-02
8.500000000000000000e+01 2.038199353304539496e+00 1.379901439896084880e-01 9.402916508196692558e-01 8.646817218640240679e-03 2.167234414004831855e+00 1.683739653040041695e-01 9.324159698401544016e-01 1.087896394320091512e-02
9.000000000000000000e+01 2.033995892504986358e+00 1.446217007211468009e-01 9.405088596020307889e-01 8.995548689426790742e-03 2.140429710059747581e+00 1.651000343962983619e-01 9.341019362434410667e-01 1.042226365297878668e-02
9.500000000000000000e+01 2.022754200660615620e+00 1.447827156223142342e-01 9.411575135272305381e-01 8.974856540035798871e-03 2.123901978641681509e+00 1.639863165281818247e-01 9.351121438017535592e-01 1.029185155772335478e-02
1.000000000000000000e+02 2.018191729371912935e+00 1.486313204202120430e-01 9.414015915629617703e-01 9.110122424430247903e-03 2.105714019219203426e+00 1.562781680116737404e-01 9.362348972819209969e-01 9.809609978252614715e-03
