5.000000000000000000e+00 1.014990083482739358e+01 1.198440242044972903e+00 -4.859808793904910051e-01 3.650816033984257691e-01 9.951940847901006748e+00 1.472076273979024741e+00 -4.404864321639718194e-01 4.547475736413946201e-01
1.000000000000000000e+01 8.226608571661559566e+00 1.544423386974323353e+00 2.725193959307630181e-03 3.660237030224675059e-01 8.538406480067163073e+00 1.129304945337275656e+00 -5.591340513927496592e-02 2.830730313680754895e-01
1.500000000000000000e+01 5.906576236893561926e+00 1.199240214268967319e+00 4.833169735520785326e-01 2.112058264847362088e-01 7.145502211117071845e+00 9.698834787134557045e-01 2.592228780753160766e-01 2.005092709615410862e-01
2.000000000000000000e+01 4.073896137019281660e+00 8.155476951914156780e-01 7.542579691380055795e-01 9.830610278924661882e-02 6.247832485612410558e+00 8.140415002605464467e-01 4.344690006237492130e-01 1.461724087315440235e-01
2.500000000000000000e+01 3.431690748536133206e+00 6.555379506663165934e-01 8.262777626677465515e-01 6.855174921951870393e-02 5.321511894602923398e+00 7.673547575773739249e-01 5.890625789327283979e-01 1.260951078478115828e-01
3.000000000000000000e+01 2.953819466016970541e+00 5.101440711958088459e-01 8.723969571378930032e-01 4.555411540391410968e-02 4.790614530981657460e+00 6.802130356389971544e-01 6.673106941461668384e-01 9.864064678546702325e-02
3.500000000000000000e+01 2.940424377012570645e+00 3.897772168767453804e-01 8.746421291038953827e-01 3.373338976417703666e-02 4.163878717190837797e+00 4.040721570135735741e-01 7.500976991501301372e-01 4.908931892566247013e-02
4.000000000000000000e+01 2.697532973864445793e+00 3.574604319239597650e-01 8.945625825693681588e-01 2.838293157095556768e-02 3.897392686503267090e+00 4.246394632726502305e-01 7.812266152138356290e-01 4.706714905608468114e-02
4.500000000000000000e+01 2.542295754752290637e+00 3.018397689915297555e-01 9.068191599476557174e-01 2.307362235431091244e-02 3.697955116512725127e+00 4.232220081715451498e-01 8.031882836813204474e-01 4.353697466711895642e-02
5.000000000000000000e+01 2.499642519224436477e+00 2.689105429866867070e-01 9.098599574016793534e-01 1.964636140674455925e-02 3.403569043363015467e+00 4.006981951975829293e-01 8.331186740901482812e-01 3.771580877696942280e-02
5.500000000000000000e+01 2.449681240918863079e+00 2.674190937825328129e-01 9.135641615885838895e-01 1.914355365698175090e-02 3.171867381885078885e+00 2.789516204542418221e-01 8.559240310365546778e-01 2.389829282564379792e-02
6.000000000000000000e+01 2.404608281104812839e+00 2.460790215864680497e-01 9.169086205541623347e-01 1.752367045327520717e-02 3.043614938213062171e+00 3.171775713290127530e-01 8.672593842672919884e-01 2.668613054480392308e-02
6.500000000000000000e+01 2.374252289354185752e+00 2.012240387817638976e-01 9.194736589858026887e-01 1.384624547653524190e-02 2.895673288104246623e+00 2.723838117803096814e-01 8.801026878900779504e-01 2.121299520017596793e-02
7.000000000000000000e+01 2.370877353181915836e+00 2.190600149843069666e-01 9.190050311899602420e-01 1.522350412466780094e-02 2.784814456757410905e+00 2.173793082278416555e-01 8.885171823138273695e-01 1.657228497926742025e-02
7.500000000000000000e+01 2.355913771198903994e+00 1.861269777360195499e-01 9.205068643750826674e-01 1.308545000114011772e-02 2.695061117061445799e+00 2.245284179478426456e-01 8.955837201076186638e-01 1.651485636280401736e-02
8.000000000000000000e+01 2.344438376384490930e+00 2.056116391730216097e-01 9.211265312291386786e-01 1.448595246175076422e-02 2.648816293161800672e+00 2.223028897737908405e-01 8.994585973409663371e-01 1.598093211011557963e-02
8.500000000000000000e+01 2.327410124444163397e+00 1.899069189073124830e-01 9.222388162851831162e-01 1.327270337251938888e-02 2.606837177998115873e+00 2.087877057269029168e-01 9.027839880567729569e-01 1.460546259336433818e-02
9.000000000000000000e+01 2.340057003906308886e+00 1.846559435305615837e-01 9.213477199924621219e-01 1.269535220299688842e-02 2.522981868823773510e+00 1.902732903517397045e-01 9.089149576406765352e-01 1.287972596049621887e-02
9.500000000000000000e+01 2.258911513962607476e+00 1.711551048455693391e-01 9.268689597727695073e-01 1.115277958702072351e-02 2.481063306872316687e+00 1.598150789628998703e-01 9.122588668234706821e-01 1.100713700070929391e-02
1.000000000000000000e+02 2.261151888240070296e+00 1.973994016329185253e-01 9.264742807480303988e-01 1.352838442291256008e-02 2.421501952908332811e+00 1.798056472662491190e-01 9.156962782474077356e-01 1.151649663525212974e-02

